-5.500000000000000000e+01 1.150000000000000000e+02 -1.410000000000000000e+02
-5.600000000000000000e+01 1.200000000000000000e+02 -1.420000000000000000e+02
-5.200000000000000000e+01 1.140000000000000000e+02 -1.520000000000000000e+02
-5.300000000000000000e+01 1.130000000000000000e+02 -1.510000000000000000e+02
-5.400000000000000000e+01 1.080000000000000000e+02 -1.460000000000000000e+02
-6.200000000000000000e+01 1.180000000000000000e+02 -1.420000000000000000e+02
-6.500000000000000000e+01 1.110000000000000000e+02 -1.410000000000000000e+02
-6.000000000000000000e+01 1.160000000000000000e+02 -1.440000000000000000e+02
-5.700000000000000000e+01 1.130000000000000000e+02 -1.450000000000000000e+02
-5.700000000000000000e+01 1.190000000000000000e+02 -1.490000000000000000e+02
-5.600000000000000000e+01 1.140000000000000000e+02 -1.460000000000000000e+02
-6.000000000000000000e+01 1.180000000000000000e+02 -1.460000000000000000e+02
-5.200000000000000000e+01 1.160000000000000000e+02 -1.500000000000000000e+02
-6.000000000000000000e+01 1.120000000000000000e+02 -1.420000000000000000e+02
-6.100000000000000000e+01 1.150000000000000000e+02 -1.510000000000000000e+02
-5.600000000000000000e+01 1.160000000000000000e+02 -1.480000000000000000e+02
-5.800000000000000000e+01 1.200000000000000000e+02 -1.500000000000000000e+02
-5.800000000000000000e+01 1.180000000000000000e+02 -1.480000000000000000e+02
-6.000000000000000000e+01 1.180000000000000000e+02 -1.480000000000000000e+02
-5.700000000000000000e+01 1.150000000000000000e+02 -1.490000000000000000e+02
-5.700000000000000000e+01 1.150000000000000000e+02 -1.490000000000000000e+02
-5.900000000000000000e+01 1.150000000000000000e+02 -1.470000000000000000e+02
-5.600000000000000000e+01 1.060000000000000000e+02 -1.460000000000000000e+02
-5.300000000000000000e+01 1.130000000000000000e+02 -1.470000000000000000e+02
-5.500000000000000000e+01 1.150000000000000000e+02 -1.450000000000000000e+02
-5.400000000000000000e+01 1.140000000000000000e+02 -1.500000000000000000e+02
-5.300000000000000000e+01 1.070000000000000000e+02 -1.530000000000000000e+02
-5.600000000000000000e+01 1.120000000000000000e+02 -1.480000000000000000e+02
-6.000000000000000000e+01 1.120000000000000000e+02 -1.500000000000000000e+02
-5.700000000000000000e+01 1.150000000000000000e+02 -1.470000000000000000e+02
-4.900000000000000000e+01 1.110000000000000000e+02 -1.470000000000000000e+02
-5.900000000000000000e+01 1.090000000000000000e+02 -1.470000000000000000e+02
-6.200000000000000000e+01 1.100000000000000000e+02 -1.500000000000000000e+02
-5.600000000000000000e+01 1.100000000000000000e+02 -1.420000000000000000e+02
-6.000000000000000000e+01 1.180000000000000000e+02 -1.460000000000000000e+02
-5.900000000000000000e+01 1.250000000000000000e+02 -1.490000000000000000e+02
-5.100000000000000000e+01 1.150000000000000000e+02 -1.470000000000000000e+02
-5.700000000000000000e+01 1.110000000000000000e+02 -1.470000000000000000e+02
-6.300000000000000000e+01 1.190000000000000000e+02 -1.390000000000000000e+02
-6.200000000000000000e+01 1.180000000000000000e+02 -1.480000000000000000e+02
-5.500000000000000000e+01 1.150000000000000000e+02 -1.470000000000000000e+02
-5.700000000000000000e+01 1.090000000000000000e+02 -1.550000000000000000e+02
-5.400000000000000000e+01 1.120000000000000000e+02 -1.460000000000000000e+02
-5.800000000000000000e+01 1.160000000000000000e+02 -1.380000000000000000e+02
-5.500000000000000000e+01 1.130000000000000000e+02 -1.450000000000000000e+02
-6.200000000000000000e+01 1.140000000000000000e+02 -1.400000000000000000e+02
-5.200000000000000000e+01 1.140000000000000000e+02 -1.500000000000000000e+02
-6.100000000000000000e+01 1.150000000000000000e+02 -1.450000000000000000e+02
-5.500000000000000000e+01 1.150000000000000000e+02 -1.510000000000000000e+02
-6.200000000000000000e+01 1.180000000000000000e+02 -1.420000000000000000e+02
-6.100000000000000000e+01 1.170000000000000000e+02 -1.490000000000000000e+02
-6.100000000000000000e+01 1.170000000000000000e+02 -1.450000000000000000e+02
-5.800000000000000000e+01 1.120000000000000000e+02 -1.400000000000000000e+02
-6.100000000000000000e+01 1.150000000000000000e+02 -1.470000000000000000e+02
-5.600000000000000000e+01 1.120000000000000000e+02 -1.460000000000000000e+02
-5.900000000000000000e+01 1.130000000000000000e+02 -1.510000000000000000e+02
-5.900000000000000000e+01 1.110000000000000000e+02 -1.470000000000000000e+02
-5.400000000000000000e+01 1.120000000000000000e+02 -1.480000000000000000e+02
-6.000000000000000000e+01 1.120000000000000000e+02 -1.400000000000000000e+02
-5.900000000000000000e+01 1.090000000000000000e+02 -1.490000000000000000e+02
-6.000000000000000000e+01 1.120000000000000000e+02 -1.480000000000000000e+02
-5.600000000000000000e+01 1.080000000000000000e+02 -1.380000000000000000e+02
-5.900000000000000000e+01 1.190000000000000000e+02 -1.390000000000000000e+02
-5.500000000000000000e+01 1.190000000000000000e+02 -1.530000000000000000e+02
-5.800000000000000000e+01 1.180000000000000000e+02 -1.460000000000000000e+02
-5.600000000000000000e+01 1.140000000000000000e+02 -1.540000000000000000e+02
-6.100000000000000000e+01 1.130000000000000000e+02 -1.450000000000000000e+02
-5.300000000000000000e+01 1.150000000000000000e+02 -1.470000000000000000e+02
-5.800000000000000000e+01 1.140000000000000000e+02 -1.520000000000000000e+02
-6.300000000000000000e+01 1.150000000000000000e+02 -1.490000000000000000e+02
-5.700000000000000000e+01 1.150000000000000000e+02 -1.490000000000000000e+02
-6.200000000000000000e+01 1.060000000000000000e+02 -1.480000000000000000e+02
-5.700000000000000000e+01 1.190000000000000000e+02 -1.450000000000000000e+02
-5.600000000000000000e+01 1.200000000000000000e+02 -1.440000000000000000e+02
-6.000000000000000000e+01 1.120000000000000000e+02 -1.440000000000000000e+02
-5.500000000000000000e+01 1.130000000000000000e+02 -1.410000000000000000e+02
-5.500000000000000000e+01 1.150000000000000000e+02 -1.510000000000000000e+02
-5.800000000000000000e+01 1.180000000000000000e+02 -1.460000000000000000e+02
-5.700000000000000000e+01 1.090000000000000000e+02 -1.410000000000000000e+02
-5.400000000000000000e+01 1.040000000000000000e+02 -1.440000000000000000e+02
-5.700000000000000000e+01 1.170000000000000000e+02 -1.390000000000000000e+02
-5.900000000000000000e+01 1.130000000000000000e+02 -1.410000000000000000e+02
-5.300000000000000000e+01 1.130000000000000000e+02 -1.450000000000000000e+02
-6.000000000000000000e+01 1.080000000000000000e+02 -1.520000000000000000e+02
-5.800000000000000000e+01 1.120000000000000000e+02 -1.360000000000000000e+02
-6.200000000000000000e+01 1.180000000000000000e+02 -1.440000000000000000e+02
-5.800000000000000000e+01 1.260000000000000000e+02 -1.460000000000000000e+02
-5.700000000000000000e+01 1.090000000000000000e+02 -1.410000000000000000e+02
-5.400000000000000000e+01 1.120000000000000000e+02 -1.480000000000000000e+02
-5.300000000000000000e+01 1.150000000000000000e+02 -1.430000000000000000e+02
-5.500000000000000000e+01 1.170000000000000000e+02 -1.430000000000000000e+02
-5.800000000000000000e+01 1.180000000000000000e+02 -1.480000000000000000e+02
-6.000000000000000000e+01 1.240000000000000000e+02 -1.460000000000000000e+02
-5.500000000000000000e+01 1.150000000000000000e+02 -1.470000000000000000e+02
-5.100000000000000000e+01 1.130000000000000000e+02 -1.470000000000000000e+02
-5.200000000000000000e+01 1.160000000000000000e+02 -1.420000000000000000e+02
-6.100000000000000000e+01 1.150000000000000000e+02 -1.410000000000000000e+02
-6.100000000000000000e+01 1.130000000000000000e+02 -1.490000000000000000e+02
-5.900000000000000000e+01 1.090000000000000000e+02 -1.490000000000000000e+02
-5.600000000000000000e+01 1.080000000000000000e+02 -1.520000000000000000e+02
-6.200000000000000000e+01 1.120000000000000000e+02 -1.500000000000000000e+02
-5.600000000000000000e+01 1.100000000000000000e+02 -1.380000000000000000e+02
-5.000000000000000000e+01 1.160000000000000000e+02 -1.500000000000000000e+02
-5.100000000000000000e+01 1.170000000000000000e+02 -1.410000000000000000e+02
-5.200000000000000000e+01 1.220000000000000000e+02 -1.560000000000000000e+02
-5.900000000000000000e+01 1.190000000000000000e+02 -1.510000000000000000e+02
-5.300000000000000000e+01 1.170000000000000000e+02 -1.490000000000000000e+02
-4.800000000000000000e+01 1.140000000000000000e+02 -1.440000000000000000e+02
-6.000000000000000000e+01 1.120000000000000000e+02 -1.480000000000000000e+02
-6.000000000000000000e+01 1.140000000000000000e+02 -1.480000000000000000e+02
-6.000000000000000000e+01 1.120000000000000000e+02 -1.460000000000000000e+02
-5.200000000000000000e+01 1.200000000000000000e+02 -1.460000000000000000e+02
-5.600000000000000000e+01 1.140000000000000000e+02 -1.420000000000000000e+02
-5.200000000000000000e+01 1.160000000000000000e+02 -1.500000000000000000e+02
-6.200000000000000000e+01 1.080000000000000000e+02 -1.480000000000000000e+02
-5.600000000000000000e+01 1.200000000000000000e+02 -1.620000000000000000e+02
-5.600000000000000000e+01 1.140000000000000000e+02 -1.500000000000000000e+02
-5.900000000000000000e+01 1.030000000000000000e+02 -1.550000000000000000e+02
-5.300000000000000000e+01 1.070000000000000000e+02 -1.490000000000000000e+02
-6.200000000000000000e+01 1.140000000000000000e+02 -1.460000000000000000e+02
-5.100000000000000000e+01 1.110000000000000000e+02 -1.490000000000000000e+02
-5.700000000000000000e+01 1.090000000000000000e+02 -1.410000000000000000e+02
-5.200000000000000000e+01 1.180000000000000000e+02 -1.460000000000000000e+02
-6.200000000000000000e+01 1.140000000000000000e+02 -1.500000000000000000e+02
-6.100000000000000000e+01 1.130000000000000000e+02 -1.490000000000000000e+02
-6.200000000000000000e+01 1.140000000000000000e+02 -1.480000000000000000e+02
-5.200000000000000000e+01 1.140000000000000000e+02 -1.480000000000000000e+02
-6.000000000000000000e+01 1.140000000000000000e+02 -1.540000000000000000e+02
-5.100000000000000000e+01 1.190000000000000000e+02 -1.470000000000000000e+02
-5.900000000000000000e+01 1.150000000000000000e+02 -1.530000000000000000e+02
-5.800000000000000000e+01 1.160000000000000000e+02 -1.500000000000000000e+02
-5.900000000000000000e+01 1.190000000000000000e+02 -1.470000000000000000e+02
-6.500000000000000000e+01 1.150000000000000000e+02 -1.490000000000000000e+02
-6.000000000000000000e+01 1.060000000000000000e+02 -1.480000000000000000e+02
-6.300000000000000000e+01 1.190000000000000000e+02 -1.470000000000000000e+02
-6.000000000000000000e+01 1.160000000000000000e+02 -1.440000000000000000e+02
-5.400000000000000000e+01 1.120000000000000000e+02 -1.440000000000000000e+02
-5.400000000000000000e+01 1.120000000000000000e+02 -1.440000000000000000e+02
-5.400000000000000000e+01 1.160000000000000000e+02 -1.420000000000000000e+02
-5.800000000000000000e+01 1.080000000000000000e+02 -1.460000000000000000e+02
-5.700000000000000000e+01 1.130000000000000000e+02 -1.390000000000000000e+02
-5.900000000000000000e+01 1.170000000000000000e+02 -1.430000000000000000e+02
-6.300000000000000000e+01 1.150000000000000000e+02 -1.450000000000000000e+02
-6.000000000000000000e+01 1.180000000000000000e+02 -1.400000000000000000e+02
-5.000000000000000000e+01 1.180000000000000000e+02 -1.420000000000000000e+02
-5.700000000000000000e+01 1.170000000000000000e+02 -1.450000000000000000e+02
-5.400000000000000000e+01 1.180000000000000000e+02 -1.420000000000000000e+02
-6.300000000000000000e+01 1.170000000000000000e+02 -1.450000000000000000e+02
-5.400000000000000000e+01 1.180000000000000000e+02 -1.460000000000000000e+02
-5.900000000000000000e+01 1.110000000000000000e+02 -1.510000000000000000e+02
-5.900000000000000000e+01 1.070000000000000000e+02 -1.430000000000000000e+02
-5.200000000000000000e+01 1.060000000000000000e+02 -1.460000000000000000e+02
-5.400000000000000000e+01 1.120000000000000000e+02 -1.480000000000000000e+02
-6.100000000000000000e+01 1.110000000000000000e+02 -1.470000000000000000e+02
-5.900000000000000000e+01 1.130000000000000000e+02 -1.470000000000000000e+02
-6.100000000000000000e+01 1.150000000000000000e+02 -1.410000000000000000e+02
-5.500000000000000000e+01 1.190000000000000000e+02 -1.470000000000000000e+02
-5.400000000000000000e+01 1.180000000000000000e+02 -1.440000000000000000e+02
-6.600000000000000000e+01 1.260000000000000000e+02 -1.460000000000000000e+02
-5.200000000000000000e+01 1.180000000000000000e+02 -1.480000000000000000e+02
-5.400000000000000000e+01 1.200000000000000000e+02 -1.520000000000000000e+02
-5.900000000000000000e+01 1.050000000000000000e+02 -1.450000000000000000e+02
-5.900000000000000000e+01 1.130000000000000000e+02 -1.470000000000000000e+02
-5.700000000000000000e+01 1.150000000000000000e+02 -1.490000000000000000e+02
-5.700000000000000000e+01 1.110000000000000000e+02 -1.390000000000000000e+02
-5.300000000000000000e+01 1.230000000000000000e+02 -1.450000000000000000e+02
-6.300000000000000000e+01 1.130000000000000000e+02 -1.410000000000000000e+02
-6.300000000000000000e+01 1.170000000000000000e+02 -1.410000000000000000e+02
-5.800000000000000000e+01 1.200000000000000000e+02 -1.520000000000000000e+02
-5.500000000000000000e+01 1.150000000000000000e+02 -1.450000000000000000e+02
-6.000000000000000000e+01 1.140000000000000000e+02 -1.500000000000000000e+02
-5.900000000000000000e+01 1.130000000000000000e+02 -1.470000000000000000e+02
-5.700000000000000000e+01 1.150000000000000000e+02 -1.450000000000000000e+02
-5.000000000000000000e+01 1.220000000000000000e+02 -1.500000000000000000e+02
-5.000000000000000000e+01 1.120000000000000000e+02 -1.500000000000000000e+02
-5.500000000000000000e+01 1.150000000000000000e+02 -1.510000000000000000e+02
-6.300000000000000000e+01 1.130000000000000000e+02 -1.490000000000000000e+02
-6.600000000000000000e+01 1.180000000000000000e+02 -1.420000000000000000e+02
-5.800000000000000000e+01 1.180000000000000000e+02 -1.520000000000000000e+02
-5.100000000000000000e+01 1.150000000000000000e+02 -1.490000000000000000e+02
-5.800000000000000000e+01 1.180000000000000000e+02 -1.520000000000000000e+02
-5.900000000000000000e+01 1.110000000000000000e+02 -1.390000000000000000e+02
-6.700000000000000000e+01 1.130000000000000000e+02 -1.450000000000000000e+02
-5.500000000000000000e+01 1.190000000000000000e+02 -1.470000000000000000e+02
-5.900000000000000000e+01 1.190000000000000000e+02 -1.510000000000000000e+02
-5.100000000000000000e+01 1.130000000000000000e+02 -1.450000000000000000e+02
-6.100000000000000000e+01 1.150000000000000000e+02 -1.430000000000000000e+02
-6.100000000000000000e+01 1.130000000000000000e+02 -1.450000000000000000e+02
-5.900000000000000000e+01 1.130000000000000000e+02 -1.430000000000000000e+02
-6.500000000000000000e+01 1.110000000000000000e+02 -1.490000000000000000e+02
-5.100000000000000000e+01 1.190000000000000000e+02 -1.490000000000000000e+02
-5.800000000000000000e+01 1.160000000000000000e+02 -1.460000000000000000e+02
-6.100000000000000000e+01 1.170000000000000000e+02 -1.450000000000000000e+02
-5.900000000000000000e+01 1.190000000000000000e+02 -1.510000000000000000e+02
-5.600000000000000000e+01 1.200000000000000000e+02 -1.420000000000000000e+02
-5.700000000000000000e+01 1.090000000000000000e+02 -1.390000000000000000e+02
-6.300000000000000000e+01 1.130000000000000000e+02 -1.430000000000000000e+02
-6.100000000000000000e+01 1.130000000000000000e+02 -1.510000000000000000e+02
-6.000000000000000000e+01 1.180000000000000000e+02 -1.420000000000000000e+02
-5.300000000000000000e+01 1.130000000000000000e+02 -1.470000000000000000e+02
